{
 "cells": [
  {
   "cell_type": "markdown",
   "id": "bc2a0237-bdae-4c6d-a862-1aac1dd6c08e",
   "metadata": {},
   "source": [
    "# Creating a covariance and correlation matrix of stock returns "
   ]
  },
  {
   "cell_type": "code",
   "execution_count": 2,
   "id": "986c0690-c507-4029-8f9b-0e5139323e34",
   "metadata": {},
   "outputs": [],
   "source": [
    "import yfinance as yf\n",
    "import matplotlib.pyplot as plt\n",
    "import datetime as dt\n",
    "import seaborn as sns"
   ]
  },
  {
   "cell_type": "code",
   "execution_count": 7,
   "id": "bbb949a0-f5c8-49a7-b073-4f03780c3389",
   "metadata": {},
   "outputs": [],
   "source": [
    "end = dt.datetime.now()\n",
    "start = dt.date(end.year - 1, end.month, end.day)"
   ]
  },
  {
   "cell_type": "code",
   "execution_count": 16,
   "id": "67bea5c2-f6dd-4df9-9086-9aefdd7be918",
   "metadata": {},
   "outputs": [],
   "source": [
    "portfolio = ['GOOG', 'AAPL', 'MSFT', 'TSLA', '^GSPC', '^BSESN']"
   ]
  },
  {
   "cell_type": "code",
   "execution_count": 17,
   "id": "69bcc015-0a28-47f3-b312-ae198b26335c",
   "metadata": {},
   "outputs": [
    {
     "name": "stderr",
     "output_type": "stream",
     "text": [
      "[*********************100%***********************]  6 of 6 completed\n"
     ]
    },
    {
     "data": {
      "text/html": [
       "<div>\n",
       "<style scoped>\n",
       "    .dataframe tbody tr th:only-of-type {\n",
       "        vertical-align: middle;\n",
       "    }\n",
       "\n",
       "    .dataframe tbody tr th {\n",
       "        vertical-align: top;\n",
       "    }\n",
       "\n",
       "    .dataframe thead th {\n",
       "        text-align: right;\n",
       "    }\n",
       "</style>\n",
       "<table border=\"1\" class=\"dataframe\">\n",
       "  <thead>\n",
       "    <tr style=\"text-align: right;\">\n",
       "      <th>Ticker</th>\n",
       "      <th>AAPL</th>\n",
       "      <th>GOOG</th>\n",
       "      <th>MSFT</th>\n",
       "      <th>TSLA</th>\n",
       "      <th>^BSESN</th>\n",
       "      <th>^GSPC</th>\n",
       "    </tr>\n",
       "    <tr>\n",
       "      <th>Date</th>\n",
       "      <th></th>\n",
       "      <th></th>\n",
       "      <th></th>\n",
       "      <th></th>\n",
       "      <th></th>\n",
       "      <th></th>\n",
       "    </tr>\n",
       "  </thead>\n",
       "  <tbody>\n",
       "    <tr>\n",
       "      <th>2024-07-24</th>\n",
       "      <td>217.522705</td>\n",
       "      <td>173.536896</td>\n",
       "      <td>425.636658</td>\n",
       "      <td>215.990005</td>\n",
       "      <td>80148.882812</td>\n",
       "      <td>5427.129883</td>\n",
       "    </tr>\n",
       "    <tr>\n",
       "      <th>2024-07-25</th>\n",
       "      <td>216.477600</td>\n",
       "      <td>168.351791</td>\n",
       "      <td>415.216553</td>\n",
       "      <td>220.250000</td>\n",
       "      <td>80039.796875</td>\n",
       "      <td>5399.220215</td>\n",
       "    </tr>\n",
       "    <tr>\n",
       "      <th>2024-07-26</th>\n",
       "      <td>216.945435</td>\n",
       "      <td>167.874069</td>\n",
       "      <td>422.034271</td>\n",
       "      <td>219.800003</td>\n",
       "      <td>81332.718750</td>\n",
       "      <td>5459.100098</td>\n",
       "    </tr>\n",
       "    <tr>\n",
       "      <th>2024-07-29</th>\n",
       "      <td>217.224106</td>\n",
       "      <td>170.312393</td>\n",
       "      <td>423.483185</td>\n",
       "      <td>232.100006</td>\n",
       "      <td>81355.843750</td>\n",
       "      <td>5463.540039</td>\n",
       "    </tr>\n",
       "    <tr>\n",
       "      <th>2024-07-30</th>\n",
       "      <td>217.781509</td>\n",
       "      <td>171.038910</td>\n",
       "      <td>419.702179</td>\n",
       "      <td>222.619995</td>\n",
       "      <td>81455.398438</td>\n",
       "      <td>5436.439941</td>\n",
       "    </tr>\n",
       "    <tr>\n",
       "      <th>...</th>\n",
       "      <td>...</td>\n",
       "      <td>...</td>\n",
       "      <td>...</td>\n",
       "      <td>...</td>\n",
       "      <td>...</td>\n",
       "      <td>...</td>\n",
       "    </tr>\n",
       "    <tr>\n",
       "      <th>2025-07-17</th>\n",
       "      <td>210.020004</td>\n",
       "      <td>184.699997</td>\n",
       "      <td>511.700012</td>\n",
       "      <td>319.410004</td>\n",
       "      <td>82259.242188</td>\n",
       "      <td>6297.359863</td>\n",
       "    </tr>\n",
       "    <tr>\n",
       "      <th>2025-07-18</th>\n",
       "      <td>211.179993</td>\n",
       "      <td>185.940002</td>\n",
       "      <td>510.049988</td>\n",
       "      <td>329.649994</td>\n",
       "      <td>81757.726562</td>\n",
       "      <td>6296.790039</td>\n",
       "    </tr>\n",
       "    <tr>\n",
       "      <th>2025-07-21</th>\n",
       "      <td>212.479996</td>\n",
       "      <td>191.149994</td>\n",
       "      <td>510.059998</td>\n",
       "      <td>328.489990</td>\n",
       "      <td>82200.343750</td>\n",
       "      <td>6305.600098</td>\n",
       "    </tr>\n",
       "    <tr>\n",
       "      <th>2025-07-22</th>\n",
       "      <td>214.399994</td>\n",
       "      <td>192.110001</td>\n",
       "      <td>505.269989</td>\n",
       "      <td>332.109985</td>\n",
       "      <td>82186.812500</td>\n",
       "      <td>6309.620117</td>\n",
       "    </tr>\n",
       "    <tr>\n",
       "      <th>2025-07-23</th>\n",
       "      <td>214.149994</td>\n",
       "      <td>191.509995</td>\n",
       "      <td>505.869995</td>\n",
       "      <td>332.559998</td>\n",
       "      <td>82726.640625</td>\n",
       "      <td>6358.910156</td>\n",
       "    </tr>\n",
       "  </tbody>\n",
       "</table>\n",
       "<p>259 rows × 6 columns</p>\n",
       "</div>"
      ],
      "text/plain": [
       "Ticker            AAPL        GOOG        MSFT        TSLA        ^BSESN  \\\n",
       "Date                                                                       \n",
       "2024-07-24  217.522705  173.536896  425.636658  215.990005  80148.882812   \n",
       "2024-07-25  216.477600  168.351791  415.216553  220.250000  80039.796875   \n",
       "2024-07-26  216.945435  167.874069  422.034271  219.800003  81332.718750   \n",
       "2024-07-29  217.224106  170.312393  423.483185  232.100006  81355.843750   \n",
       "2024-07-30  217.781509  171.038910  419.702179  222.619995  81455.398438   \n",
       "...                ...         ...         ...         ...           ...   \n",
       "2025-07-17  210.020004  184.699997  511.700012  319.410004  82259.242188   \n",
       "2025-07-18  211.179993  185.940002  510.049988  329.649994  81757.726562   \n",
       "2025-07-21  212.479996  191.149994  510.059998  328.489990  82200.343750   \n",
       "2025-07-22  214.399994  192.110001  505.269989  332.109985  82186.812500   \n",
       "2025-07-23  214.149994  191.509995  505.869995  332.559998  82726.640625   \n",
       "\n",
       "Ticker            ^GSPC  \n",
       "Date                     \n",
       "2024-07-24  5427.129883  \n",
       "2024-07-25  5399.220215  \n",
       "2024-07-26  5459.100098  \n",
       "2024-07-29  5463.540039  \n",
       "2024-07-30  5436.439941  \n",
       "...                 ...  \n",
       "2025-07-17  6297.359863  \n",
       "2025-07-18  6296.790039  \n",
       "2025-07-21  6305.600098  \n",
       "2025-07-22  6309.620117  \n",
       "2025-07-23  6358.910156  \n",
       "\n",
       "[259 rows x 6 columns]"
      ]
     },
     "execution_count": 17,
     "metadata": {},
     "output_type": "execute_result"
    }
   ],
   "source": [
    "df = yf.download(portfolio, start, end, auto_adjust=False)['Adj Close']\n",
    "df"
   ]
  },
  {
   "cell_type": "code",
   "execution_count": 18,
   "id": "a4707d56-8354-45c1-9829-d5c4d251cf46",
   "metadata": {
    "scrolled": true
   },
   "outputs": [
    {
     "name": "stderr",
     "output_type": "stream",
     "text": [
      "/tmp/ipykernel_3429/3198757542.py:1: FutureWarning: The default fill_method='pad' in DataFrame.pct_change is deprecated and will be removed in a future version. Either fill in any non-leading NA values prior to calling pct_change or specify 'fill_method=None' to not fill NA values.\n",
      "  returns = df.pct_change()\n"
     ]
    },
    {
     "data": {
      "text/html": [
       "<div>\n",
       "<style scoped>\n",
       "    .dataframe tbody tr th:only-of-type {\n",
       "        vertical-align: middle;\n",
       "    }\n",
       "\n",
       "    .dataframe tbody tr th {\n",
       "        vertical-align: top;\n",
       "    }\n",
       "\n",
       "    .dataframe thead th {\n",
       "        text-align: right;\n",
       "    }\n",
       "</style>\n",
       "<table border=\"1\" class=\"dataframe\">\n",
       "  <thead>\n",
       "    <tr style=\"text-align: right;\">\n",
       "      <th>Ticker</th>\n",
       "      <th>AAPL</th>\n",
       "      <th>GOOG</th>\n",
       "      <th>MSFT</th>\n",
       "      <th>TSLA</th>\n",
       "      <th>^BSESN</th>\n",
       "      <th>^GSPC</th>\n",
       "    </tr>\n",
       "    <tr>\n",
       "      <th>Date</th>\n",
       "      <th></th>\n",
       "      <th></th>\n",
       "      <th></th>\n",
       "      <th></th>\n",
       "      <th></th>\n",
       "      <th></th>\n",
       "    </tr>\n",
       "  </thead>\n",
       "  <tbody>\n",
       "    <tr>\n",
       "      <th>2024-07-24</th>\n",
       "      <td>NaN</td>\n",
       "      <td>NaN</td>\n",
       "      <td>NaN</td>\n",
       "      <td>NaN</td>\n",
       "      <td>NaN</td>\n",
       "      <td>NaN</td>\n",
       "    </tr>\n",
       "    <tr>\n",
       "      <th>2024-07-25</th>\n",
       "      <td>-0.004805</td>\n",
       "      <td>-0.029879</td>\n",
       "      <td>-0.024481</td>\n",
       "      <td>0.019723</td>\n",
       "      <td>-0.001361</td>\n",
       "      <td>-0.005143</td>\n",
       "    </tr>\n",
       "    <tr>\n",
       "      <th>2024-07-26</th>\n",
       "      <td>0.002161</td>\n",
       "      <td>-0.002838</td>\n",
       "      <td>0.016420</td>\n",
       "      <td>-0.002043</td>\n",
       "      <td>0.016153</td>\n",
       "      <td>0.011090</td>\n",
       "    </tr>\n",
       "    <tr>\n",
       "      <th>2024-07-29</th>\n",
       "      <td>0.001285</td>\n",
       "      <td>0.014525</td>\n",
       "      <td>0.003433</td>\n",
       "      <td>0.055960</td>\n",
       "      <td>0.000284</td>\n",
       "      <td>0.000813</td>\n",
       "    </tr>\n",
       "    <tr>\n",
       "      <th>2024-07-30</th>\n",
       "      <td>0.002566</td>\n",
       "      <td>0.004266</td>\n",
       "      <td>-0.008928</td>\n",
       "      <td>-0.040845</td>\n",
       "      <td>0.001224</td>\n",
       "      <td>-0.004960</td>\n",
       "    </tr>\n",
       "    <tr>\n",
       "      <th>...</th>\n",
       "      <td>...</td>\n",
       "      <td>...</td>\n",
       "      <td>...</td>\n",
       "      <td>...</td>\n",
       "      <td>...</td>\n",
       "      <td>...</td>\n",
       "    </tr>\n",
       "    <tr>\n",
       "      <th>2025-07-17</th>\n",
       "      <td>-0.000666</td>\n",
       "      <td>0.005061</td>\n",
       "      <td>0.012025</td>\n",
       "      <td>-0.007026</td>\n",
       "      <td>-0.004541</td>\n",
       "      <td>0.005374</td>\n",
       "    </tr>\n",
       "    <tr>\n",
       "      <th>2025-07-18</th>\n",
       "      <td>0.005523</td>\n",
       "      <td>0.006714</td>\n",
       "      <td>-0.003225</td>\n",
       "      <td>0.032059</td>\n",
       "      <td>-0.006097</td>\n",
       "      <td>-0.000090</td>\n",
       "    </tr>\n",
       "    <tr>\n",
       "      <th>2025-07-21</th>\n",
       "      <td>0.006156</td>\n",
       "      <td>0.028020</td>\n",
       "      <td>0.000020</td>\n",
       "      <td>-0.003519</td>\n",
       "      <td>0.005414</td>\n",
       "      <td>0.001399</td>\n",
       "    </tr>\n",
       "    <tr>\n",
       "      <th>2025-07-22</th>\n",
       "      <td>0.009036</td>\n",
       "      <td>0.005022</td>\n",
       "      <td>-0.009391</td>\n",
       "      <td>0.011020</td>\n",
       "      <td>-0.000165</td>\n",
       "      <td>0.000638</td>\n",
       "    </tr>\n",
       "    <tr>\n",
       "      <th>2025-07-23</th>\n",
       "      <td>-0.001166</td>\n",
       "      <td>-0.003123</td>\n",
       "      <td>0.001187</td>\n",
       "      <td>0.001355</td>\n",
       "      <td>0.006568</td>\n",
       "      <td>0.007812</td>\n",
       "    </tr>\n",
       "  </tbody>\n",
       "</table>\n",
       "<p>259 rows × 6 columns</p>\n",
       "</div>"
      ],
      "text/plain": [
       "Ticker          AAPL      GOOG      MSFT      TSLA    ^BSESN     ^GSPC\n",
       "Date                                                                  \n",
       "2024-07-24       NaN       NaN       NaN       NaN       NaN       NaN\n",
       "2024-07-25 -0.004805 -0.029879 -0.024481  0.019723 -0.001361 -0.005143\n",
       "2024-07-26  0.002161 -0.002838  0.016420 -0.002043  0.016153  0.011090\n",
       "2024-07-29  0.001285  0.014525  0.003433  0.055960  0.000284  0.000813\n",
       "2024-07-30  0.002566  0.004266 -0.008928 -0.040845  0.001224 -0.004960\n",
       "...              ...       ...       ...       ...       ...       ...\n",
       "2025-07-17 -0.000666  0.005061  0.012025 -0.007026 -0.004541  0.005374\n",
       "2025-07-18  0.005523  0.006714 -0.003225  0.032059 -0.006097 -0.000090\n",
       "2025-07-21  0.006156  0.028020  0.000020 -0.003519  0.005414  0.001399\n",
       "2025-07-22  0.009036  0.005022 -0.009391  0.011020 -0.000165  0.000638\n",
       "2025-07-23 -0.001166 -0.003123  0.001187  0.001355  0.006568  0.007812\n",
       "\n",
       "[259 rows x 6 columns]"
      ]
     },
     "execution_count": 18,
     "metadata": {},
     "output_type": "execute_result"
    }
   ],
   "source": [
    "returns = df.pct_change()\n",
    "returns"
   ]
  },
  {
   "cell_type": "code",
   "execution_count": 19,
   "id": "5a2c0040-2f25-4c63-b26c-a84eb9103125",
   "metadata": {},
   "outputs": [
    {
     "data": {
      "text/html": [
       "<div>\n",
       "<style scoped>\n",
       "    .dataframe tbody tr th:only-of-type {\n",
       "        vertical-align: middle;\n",
       "    }\n",
       "\n",
       "    .dataframe tbody tr th {\n",
       "        vertical-align: top;\n",
       "    }\n",
       "\n",
       "    .dataframe thead th {\n",
       "        text-align: right;\n",
       "    }\n",
       "</style>\n",
       "<table border=\"1\" class=\"dataframe\">\n",
       "  <thead>\n",
       "    <tr style=\"text-align: right;\">\n",
       "      <th>Ticker</th>\n",
       "      <th>AAPL</th>\n",
       "      <th>GOOG</th>\n",
       "      <th>MSFT</th>\n",
       "      <th>TSLA</th>\n",
       "      <th>^BSESN</th>\n",
       "      <th>^GSPC</th>\n",
       "    </tr>\n",
       "    <tr>\n",
       "      <th>Ticker</th>\n",
       "      <th></th>\n",
       "      <th></th>\n",
       "      <th></th>\n",
       "      <th></th>\n",
       "      <th></th>\n",
       "      <th></th>\n",
       "    </tr>\n",
       "  </thead>\n",
       "  <tbody>\n",
       "    <tr>\n",
       "      <th>AAPL</th>\n",
       "      <td>0.000385</td>\n",
       "      <td>0.000192</td>\n",
       "      <td>0.000175</td>\n",
       "      <td>0.000429</td>\n",
       "      <td>0.000021</td>\n",
       "      <td>0.000182</td>\n",
       "    </tr>\n",
       "    <tr>\n",
       "      <th>GOOG</th>\n",
       "      <td>0.000192</td>\n",
       "      <td>0.000373</td>\n",
       "      <td>0.000169</td>\n",
       "      <td>0.000461</td>\n",
       "      <td>0.000018</td>\n",
       "      <td>0.000153</td>\n",
       "    </tr>\n",
       "    <tr>\n",
       "      <th>MSFT</th>\n",
       "      <td>0.000175</td>\n",
       "      <td>0.000169</td>\n",
       "      <td>0.000239</td>\n",
       "      <td>0.000333</td>\n",
       "      <td>0.000012</td>\n",
       "      <td>0.000142</td>\n",
       "    </tr>\n",
       "    <tr>\n",
       "      <th>TSLA</th>\n",
       "      <td>0.000429</td>\n",
       "      <td>0.000461</td>\n",
       "      <td>0.000333</td>\n",
       "      <td>0.002013</td>\n",
       "      <td>0.000022</td>\n",
       "      <td>0.000358</td>\n",
       "    </tr>\n",
       "    <tr>\n",
       "      <th>^BSESN</th>\n",
       "      <td>0.000021</td>\n",
       "      <td>0.000018</td>\n",
       "      <td>0.000012</td>\n",
       "      <td>0.000022</td>\n",
       "      <td>0.000069</td>\n",
       "      <td>0.000015</td>\n",
       "    </tr>\n",
       "    <tr>\n",
       "      <th>^GSPC</th>\n",
       "      <td>0.000182</td>\n",
       "      <td>0.000153</td>\n",
       "      <td>0.000142</td>\n",
       "      <td>0.000358</td>\n",
       "      <td>0.000015</td>\n",
       "      <td>0.000148</td>\n",
       "    </tr>\n",
       "  </tbody>\n",
       "</table>\n",
       "</div>"
      ],
      "text/plain": [
       "Ticker      AAPL      GOOG      MSFT      TSLA    ^BSESN     ^GSPC\n",
       "Ticker                                                            \n",
       "AAPL    0.000385  0.000192  0.000175  0.000429  0.000021  0.000182\n",
       "GOOG    0.000192  0.000373  0.000169  0.000461  0.000018  0.000153\n",
       "MSFT    0.000175  0.000169  0.000239  0.000333  0.000012  0.000142\n",
       "TSLA    0.000429  0.000461  0.000333  0.002013  0.000022  0.000358\n",
       "^BSESN  0.000021  0.000018  0.000012  0.000022  0.000069  0.000015\n",
       "^GSPC   0.000182  0.000153  0.000142  0.000358  0.000015  0.000148"
      ]
     },
     "execution_count": 19,
     "metadata": {},
     "output_type": "execute_result"
    }
   ],
   "source": [
    "returns.cov()\n",
    "#indicating the positive relationship"
   ]
  },
  {
   "cell_type": "code",
   "execution_count": 13,
   "id": "6df190ab-e435-4bb6-bcc6-7653a925c1d9",
   "metadata": {},
   "outputs": [
    {
     "data": {
      "text/plain": [
       "Ticker\n",
       "AAPL     0.000399\n",
       "GOOG     0.000387\n",
       "MSFT     0.000248\n",
       "TSLA     0.002085\n",
       "^GSPC    0.000154\n",
       "dtype: float64"
      ]
     },
     "execution_count": 13,
     "metadata": {},
     "output_type": "execute_result"
    }
   ],
   "source": [
    "returns.var()"
   ]
  },
  {
   "cell_type": "code",
   "execution_count": 20,
   "id": "df0efc58-820c-4fa5-8b57-84a551566a6d",
   "metadata": {},
   "outputs": [
    {
     "data": {
      "text/html": [
       "<div>\n",
       "<style scoped>\n",
       "    .dataframe tbody tr th:only-of-type {\n",
       "        vertical-align: middle;\n",
       "    }\n",
       "\n",
       "    .dataframe tbody tr th {\n",
       "        vertical-align: top;\n",
       "    }\n",
       "\n",
       "    .dataframe thead th {\n",
       "        text-align: right;\n",
       "    }\n",
       "</style>\n",
       "<table border=\"1\" class=\"dataframe\">\n",
       "  <thead>\n",
       "    <tr style=\"text-align: right;\">\n",
       "      <th>Ticker</th>\n",
       "      <th>AAPL</th>\n",
       "      <th>GOOG</th>\n",
       "      <th>MSFT</th>\n",
       "      <th>TSLA</th>\n",
       "      <th>^BSESN</th>\n",
       "      <th>^GSPC</th>\n",
       "    </tr>\n",
       "    <tr>\n",
       "      <th>Ticker</th>\n",
       "      <th></th>\n",
       "      <th></th>\n",
       "      <th></th>\n",
       "      <th></th>\n",
       "      <th></th>\n",
       "      <th></th>\n",
       "    </tr>\n",
       "  </thead>\n",
       "  <tbody>\n",
       "    <tr>\n",
       "      <th>AAPL</th>\n",
       "      <td>1.000000</td>\n",
       "      <td>0.506280</td>\n",
       "      <td>0.577304</td>\n",
       "      <td>0.487242</td>\n",
       "      <td>0.127285</td>\n",
       "      <td>0.762446</td>\n",
       "    </tr>\n",
       "    <tr>\n",
       "      <th>GOOG</th>\n",
       "      <td>0.506280</td>\n",
       "      <td>1.000000</td>\n",
       "      <td>0.566253</td>\n",
       "      <td>0.531703</td>\n",
       "      <td>0.115056</td>\n",
       "      <td>0.650461</td>\n",
       "    </tr>\n",
       "    <tr>\n",
       "      <th>MSFT</th>\n",
       "      <td>0.577304</td>\n",
       "      <td>0.566253</td>\n",
       "      <td>1.000000</td>\n",
       "      <td>0.480138</td>\n",
       "      <td>0.093765</td>\n",
       "      <td>0.753696</td>\n",
       "    </tr>\n",
       "    <tr>\n",
       "      <th>TSLA</th>\n",
       "      <td>0.487242</td>\n",
       "      <td>0.531703</td>\n",
       "      <td>0.480138</td>\n",
       "      <td>1.000000</td>\n",
       "      <td>0.060047</td>\n",
       "      <td>0.655645</td>\n",
       "    </tr>\n",
       "    <tr>\n",
       "      <th>^BSESN</th>\n",
       "      <td>0.127285</td>\n",
       "      <td>0.115056</td>\n",
       "      <td>0.093765</td>\n",
       "      <td>0.060047</td>\n",
       "      <td>1.000000</td>\n",
       "      <td>0.146044</td>\n",
       "    </tr>\n",
       "    <tr>\n",
       "      <th>^GSPC</th>\n",
       "      <td>0.762446</td>\n",
       "      <td>0.650461</td>\n",
       "      <td>0.753696</td>\n",
       "      <td>0.655645</td>\n",
       "      <td>0.146044</td>\n",
       "      <td>1.000000</td>\n",
       "    </tr>\n",
       "  </tbody>\n",
       "</table>\n",
       "</div>"
      ],
      "text/plain": [
       "Ticker      AAPL      GOOG      MSFT      TSLA    ^BSESN     ^GSPC\n",
       "Ticker                                                            \n",
       "AAPL    1.000000  0.506280  0.577304  0.487242  0.127285  0.762446\n",
       "GOOG    0.506280  1.000000  0.566253  0.531703  0.115056  0.650461\n",
       "MSFT    0.577304  0.566253  1.000000  0.480138  0.093765  0.753696\n",
       "TSLA    0.487242  0.531703  0.480138  1.000000  0.060047  0.655645\n",
       "^BSESN  0.127285  0.115056  0.093765  0.060047  1.000000  0.146044\n",
       "^GSPC   0.762446  0.650461  0.753696  0.655645  0.146044  1.000000"
      ]
     },
     "execution_count": 20,
     "metadata": {},
     "output_type": "execute_result"
    }
   ],
   "source": [
    "returns.corr()"
   ]
  },
  {
   "cell_type": "code",
   "execution_count": 21,
   "id": "892746d1-674d-450b-9a6f-3913903dbcba",
   "metadata": {},
   "outputs": [
    {
     "data": {
      "text/plain": [
       "<Axes: xlabel='Ticker', ylabel='Ticker'>"
      ]
     },
     "execution_count": 21,
     "metadata": {},
     "output_type": "execute_result"
    },
    {
     "data": {
